1241
1242
1243
1245
1246
1247
1248
1250
1251
1252
1253
1255
1256
1257
1258
1260
1261
1262
1263
1265
1266
1267
1268
1270
1271
1272
1273
1275
1276
1277
1278
1280
1281
1282
1283
1284
1286
1287
1288
1289
1291
1292
1293
1294
1296
1297
1298
1299
1301
1302
1303
1304
1306
1307
1308
1309
1311
1312
1313
1314
1316
1317
1318
1319
1320
1322
1323
1324
1325
1327
1328
1329
1330
1332
1333
1334
1335
1337
1338
1339
1340
1342
1343
1344
1345
1347
1348
1349
1350
1352
1353
1354
1355
1356
1358
1359
1360
1361
1363
1364
1365
1366
1368
1369
1370
1371
1373
1374
1375
1376
1378
1379
1380
1381
1383
1384
1385
1386
1388
1389
1390
1391
1392
1394
1395
1396
1397
1399
1400
1401
1402
1404
1405
1406
1407
1409
1410
1411
1412
1414
1415
1416
1417
1419
1420
1421
1422
1424
1425
1426
1427
1428
1430
1431
1432
1433
1435
1436
1437
1438
1440
1441
1442
1443
1445
1446
1447
1448
1450
1451
1452
1453
1455
1456
1457
1458
1460
1461
1462
1463
1464
1466
1467
1468
1469
1471
1472
1473
1474
1476
1477
1478
1479
1481
1482
1483
1484
1486
1487
1488
1489
1491
1492
1493
1494
1496
1497
1498
1499
1500
1502
1503
1504
1505
1507
1508
1509
1510
1512
1513
1514
1515
1517
1518
1519
1520
1522
1523
1524
1525
1527
1528
1529
1530
1532
1533
1534
1535
1536
1538
1539
1540
1541
1543
1544
1545
1546
1548
1549
1550
1551
1553
1554
1555
1556
1558
1559
1560
1561
1563
1564
1565
1566
1568
1569
1570
1571
1572
1574
1575
1576
1577
1579
1580
1581
1582
1584
1585
1586
1587
1589
1590
1591
1592
1594
1595
1596
1597
1599
1600
1601
1602
1604
1605
1606
1607
1609
1610
1611
1612
1613
1615
1616
1617
1618
1620
1621
1622
1623
1625
1626
1627
1628
1630
1631
1632
1633
1635
1636
1637
1638
1640
1641
1642
1643
1645
1646
1647
1648
1649
1651
1652
1653
1654
1656
1657
1658
1659
1661
1662
1663
1664
1666
1667
1668
1669
1671
1672
1673
1674
1676
1677
1678
1679
1681
1682
1683
1684
1685
1687
1688
1689
1690
1692
1693
1694
1695
1697
1698
1699
1700
1702
1703
1704
1705
1707
1708
1709
1710
1712
1713
1714
1715
1717
1718
1719
1720
1721
1723
1724
1725
1726
1728
1729
1730
1731
1733
1734
1735
1736
1738
1739
1740
1741
1743
1744
1745
1746
1748
1749
1750
1751
1753
1754
1755
1756
1757
1759
1760
1761
1762
1764
1765
1766
1767
1769
1770
1771
1772
1774
1775
1776
1777
1779
1780
1781
1782
1784
1785
1786
1787
1789
1790
1791
1792
1793
1795
1796
1797
1798
1800
1801
1802
1803
1805
1806
1807
1808
1810
1811
1812
1813
1815
1816
1817
1818
1820
1821
1822
1823
1825
1826
1827
1828
1829
1831
1832
1833
1834
1836
1837
1838
1839
1841
1842
1843
1844
1846
1847
1848
1849
1851
1852
1853
1854
1856
1857
1858
1859
1861
1862
1863
1864
1865
1867
1868
1869
1870
1872
1873
1874
1875
1877
1878
1879
1880
1882
1883
1884
1885
1887
1888
1889
1890
1892
1893
1894
1895
1897
1898
1899
1900
1902
1903
1904
1905
1906
1908
1909
1910
1911
1913
1914
1915
1916
1918
1919
1920
1921
1923
1924
1925
1926
1928
1929
1930
1931
1933
1934
1935
1936
1938
1939
1940
1941
1942
1944
1945
1946
1947
1949
1950
1951
1952
1954
1955
1956
1957
1959
1960
1961
1962
1964
1965
1966
1967
1969
1970
1971
1972
1974
1975
1976
1977
1978
1980
1981
1982
1983
1985
1986
1987
1988
1990
1991
1992
1993
1995
1996
1997
1998
2000
2001
2002
2003
2005
2006
2007
2008
2010
2011
2012
2013
2014
2016
2017
2018
2019
2021
2022
2023
2024
2026
2027
2028
2029
2031
2032
2033
2034
2036
2037
2038
2039
2041
2042
2043
2044
2046
2047
2048
2049
2050
2052
2053
2054
2055
2057
2058
2059
2060
2062
2063
2064
2065
2067
2068
2069
2070
2072
2073
2074
2075
2077
2078
2079
2080
2082
2083
2084
2085
2086
2088
2089
2090
2091
2093
2094
2095
2096
2098
2099
2100
2101
2103
2104
2105
2106
2108
2109
2110
2111
2113
2114
2115
2116
2118
2119
2120
2121
2122
2124
2125
2126
2127
2129
2130
2131
2132
2134
2135
2136
2137
2139
2140
2141
2142
2144
2145
2146
2147
2149
2150
2151
2152
2154
2155
2156
2157
2158
2160
2161
2162
2163
2165
2166
2167
2168
2170
2171
2172
2173
2175
2176
2177
2178
2180
2181
2182
2183
2185
2186
2187
2188
2190
2191
2192
2193
2194
2196
2197
2198
2199
2201
2202
2203
2204
2206
2207
2208
2209
2211
2212
2213
2214
2216
2217
2218
2219
2221
2222
2223
2224
2226
2227
2228
2229
2231
2232
2233
2234
2235
2237
2238
2239
2240
2242
2243
2244
2245
2247
2248
2249
2250
2252
2253
2254
2255
2257
2258
2259
2260
2262
2263
2264
2265
2267
2268
2269
2270
2271
2273
2274
2275
2276
2278
2279
2280
2281
2283
2284
2285
2286
2288
2289
2290
2291
2293
2294
2295
2296
2298
2299
2300
2301
2303
2304
2305
2306
2307
2309
2310
2311
2312
2314
2315
2316
2317
2319
2320
2321
2322
2324
2325
2326
2327
2329
2330
2331
2332
2334
2335
2336
2337
2339
2340
2341
2342
2343
2345
2346
2347
2348
2350
2351
2352
2353
2355
2356
2357
2358
2360
2361
2362
2363
2365
2366
2367
2368
2370
2371
2372
2373
2375
2376
2377
2378
2379
2381
2382
2383
2384
2386
2387
2388
2389
2391
2392
2393
2394
2396
2397
2398
2399
2401
2402
2403
2404
2406
2407
2408
2409
2411
2412
2413
2414
2415
2417
2418
2419
2420
2422
2423
2424
2425
2427
2428
2429
2430
2432
2433
2434
2435
2437
2438
2439
2440
2442
2443
2444
2445
2447
2448
2449
2450
2451
2453
2454
2455
2456
2458
2459
2460
2461
2463
2464
2465
2466
2468
2469
2470
2471
2473
2474
2475
2476
2478
2479
2480
2481
2483
2484
2485
2486
2487
2489
2490
2491
2492
2494
2495
2496
2497
2499
2500
2501
2502
2504
2505
2506
2507
2509
2510
2511
2512
2514
2515
2516
2517
2519
2520
2521
2522
2524
2525
2526
2527
2528
2530
2531
2532
2533
2535
2536
2537
2538
2540
2541
2542
2543
2545
2546
2547
2548
2550
2551
2552
2553
2555
2556
2557
2558
2560
2561
2562
2563
2564
2566
2567
2568
2569
2571
2572
2573
2574
2576
2577
2578
2579
2581
2582
2583
2584
2586
2587
2588
2589
2591
2592
2593
2594
2596
2597
2598
2599
2600
2602
2603
2604
2605
2607
2608
2609
2610
2612
2613
2614
2615
2617
2618
2619
2620
2622
2623
2624
2625
2627
2628
2629
2630
2632
2633
2634
2635
2636
2638
2639
2640
2641
2643
2644
2645
2646
2648
2649
2650
2651
2653
2654
2655
2656
2658
2659
2660
2661
2663
2664
2665
2666
2668
2669
2670
2671
2672
2674
2675
2676
2677
2679
2680
2681
2682
2684
2685
2686
2687
2689
2690
2691
2692
2694
2695
2696
2697
2699
2700
2701
2702
2704
2705
2706
2707
2708
2710
2711
2712
2713
2715
2716
2717
2718
2720
2721
2722
2723
2725
2726
2727
2728
2730
2731
2732
2733
2735
2736
2737
2738
2740
2741
2742
2743
2744
2746
2747
2748
2749
2751
2752
2753
2754
2756
2757
2758
2759
2761
2762
2763
2764
2766
2767
2768
2769
2771
2772
2773
2774
2776
2777
2778
2779
2780
2782
2783
2784
2785
2787
2788
2789
2790
2792
2793
2794
2795
2797
2798
2799
2800
2802
2803
2804
2805
2807
2808
2809
2810
2812
2813
2814
2815
2816
2818
2819
2820
2821
2823
2824
2825
2826
2828
2829
2830
2831
2833
2834
2835
2836
2838
2839
2840
2841
2843
2844
2845
2846
2848
2849
2850
2851
2853
2854
2855
2856
2857
2859
2860
2861
2862
2864
2865
2866
2867
2869
2870
2871
2872
2874
2875
2876
2877
2879
2880
2881
2882
2884
2885
2886
2887
2889
2890
2891
2892
2893
2895
2896
2897
2898
2900
2901
2902
2903
2905
2906
2907
2908
2910
2911
2912
2913
2915
2916
2917
2918
2920
2921
2922
2923
2925
2926
2927
2928
2929
2931
2932
2933
2934
2936
2937
2938
2939
2941
2942
2943
2944
2946
2947
2948
2949
2951
2952
2953
2954
2956
2957
2958
2959
2961
2962
2963
2964
2965
2967
2968
2969
2970
2972
2973
2974
2975
2977
2978
2979
2980
2982
2983
2984
2985
2987
2988
2989
2990
2992
2993
2994
2995
2997
2998
2999
3000
3001
3003
3004
3005
3006
3008
3009
3010
3011
3013
3014
3015
3016
3018
3019
3020
3021
3023
3024
3025
3026
3028
3029
3030
3031
3033
3034
3035
3036
3037
3039
3040
3041
3042
3044
3045
3046
3047
3049
3050
3051
3052
3054
3055
3056
3057
3059
3060
3061
3062
3064
3065
3066
3067
3069
3070
3071
3072
3073
3075
3076
3077
3078
3080
3081
3082
3083
3085
3086
3087
3088
3090
3091
3092
3093
3095
3096
3097
3098
3100
3101
3102
3103
3105
3106
3107
3108
3109
3111
3112
3113
3114
3116
3117
3118
3119
3121
3122
3123
3124
3126
3127
3128
3129
3131
3132
3133
3134
3136
3137
3138
3139
3141
3142
3143
3144
3145
3147
3148
3149
3150
3152
3153
3154
3155
3157
3158
3159
3160
3162
3163
3164
3165
3167
3168
3169
3170
3172
3173
3174
3175
3177
3178
3179
3180
3182
3183
3184
3185
3186
3188
3189
3190
3191
3193
3194
3195
3196
3198
3199
3200
3201
3203
3204
3205
3206
3208
3209
3210
3211
3213
3214
3215
3216
3218
3219
3220
3221
3222
3224
3225
3226
3227
3229
3230
3231
3232
3234
3235
3236
3237
3239
3240
3241
3242
3244
3245
3246
3247
3249
3250
3251
3252
3254
3255
3256
3257
3258
3260
3261
3262
3263
3265
3266
3267
3268
3270
3271
3272
3273
3275
3276
3277
3278
3280
3281
3282
3283
3285
3286
3287
3288
3290
3291
3292
3293
3294
3296
3297
3298
3299
3301
3302
3303
3304
3306
3307
3308
3309
3311
3312
3313
3314
3316
3317
3318
3319
3321
3322
3323
3324
3326
3327
3328
3329
3330
3332
3333
3334
3335
3337
3338
3339
3340
3342
3343
3344
3345
3347
3348
3349
3350
3352
3353
3354
3355
3357
3358
3359
3360
3362
3363
3364
3365
3366
3368
3369
3370
3371
3373
3374
3375
3376
3378
3379
3380
3381
3383
3384
3385
3386
3388
3389
3390
3391
3393
3394
3395
3396
3398
3399
3400
3401
3402
3404
3405
3406
3407
3409
3410
3411
3412
3414
3415
3416
3417
3419
3420
3421
3422
3424
3425
3426
3427
3429
3430
3431
3432
3434
3435
3436
3437
3438
3440
3441
3442
3443
3445
3446
3447
3448
3450
3451
3452
3453
3455
3456
3457
3458
3460
3461
3462
3463
3465
3466
3467
3468
3470
3471
3472
3473
3475
3476
3477
3478
3479
3481
3482
3483
3484
3486
3487
3488
3489
3491
3492
3493
3494
3496
3497
3498
3499
3501
3502
3503
3504
3506
3507
3508
3509
3511
3512
3513
3514
3515
3517
3518
3519
3520
3522
3523
3524
3525
3527
3528
3529
3530
3532
3533
3534
3535
3537
3538
3539
3540
3542
3543
3544
3545
3547
3548
3549
3550
3551
3553
3554
3555
3556
3558
3559
3560
3561
3563
3564
3565
3566
3568
3569
3570
3571
3573
3574
3575
3576
3578
3579
3580
3581
3583
3584
3585
3586
3587
3589
3590
3591
3592
3594
3595
3596
3597
3599
3600
3601
3602
3604
3605
3606
3607
3609
3610
3611
3612
3614
3615
3616
3617
3619
3620
3621
3622
3623
3625
3626
3627
3628
3630
3631
3632
3633
3635
3636
3637
3638
3640
3641
3642
3643
3645
3646
3647
3648
3650
3651
3652
3653
3655
3656
3657
3658
3659
3661
3662
3663
3664
3666
3667
3668
3669
3671
3672
3673
3674
3676
3677
3678
3679
3681
3682
3683
3684
3686
3687
3688
3689
3691
3692
3693
3694
3695
3697
3698
3699
3700
3702
3703
3704
3705
3707
3708
3709
3710
3712
3713
3714
3715
3717
3718
3719
3720
3722
3723
3724
3725
3727
3728
3729
3730
3731
3733
3734
3735
3736
3738
3739
3740
3741
3743
3744
3745
3746
3748
3749
3750
3751
3753
3754
3755
3756
3758
3759
3760
3761
3763
3764
3765
3766
3767
3769
3770
3771
3772
3774
3775
3776
3777
3779
3780
3781
3782
3784
3785
3786
3787
3789
3790
3791
3792
3794
3795
3796
3797
3799
3800
3801
3802
3804
3805
3806
3807
3808
3810
3811
3812
3813
3815
3816
3817
3818
3820
3821
3822
3823
3825
3826
3827
3828
3830
3831
3832
3833
3835
3836
3837
3838
3840
3841
3842
3843
3844
3846
3847
3848
3849
3851
3852
3853
3854
3856
3857
3858
3859
3861
3862
3863
3864
3866
3867
3868
3869
3871
3872
3873
3874
3876
3877
3878
3879
3880
3882
3883
3884
3885
3887
3888
3889
3890
3892
3893
3894
3895
3897
3898
3899
3900
3902
3903
3904
3905
3907
3908
3909
3910
3912
3913
3914
3915
3916
3918
3919
3920
3921
3923
3924
3925
3926
3928
3929
3930
3931
3933
3934
3935
3936
3938
3939
3940
3941
3943
3944
3945
3946
3948
3949
3950
3951
3952
3954
3955
3956
3957
3959
3960
3961
3962
3964
3965
3966
3967
3969
3970
3971
3972
3974
3975
3976
3977
3979
3980
3981
3982
3984
3985
3986
3987
3988
3990
3991
3992
3993
3995
3996
3997
3998
4000
4001
4002
4003
4005
4006
4007
4008
4010
4011
4012
4013
4015
4016
4017
4018
4020
4021
4022
4023
4024
4026
4027
4028
4029
4031
4032
4033
4034
4036
4037
4038
4039
4041
4042
4043
4044
4046
4047
4048
4049
4051
4052
4053
4054
4056
4057
4058
4059
4060
4062
4063
4064
4065
4067
4068
4069
4070
4072
4073
4074
4075
4077
4078
4079
4080
4082
4083
4084
4085
4087
4088
4089
4090
4092
4093
4094
4095
4097
4098
4099
4100
4101
4103
4104
4105
4106
4108
4109
4110
4111
4113
4114
4115
4116
4118
4119
4120
4121
4123
4124
4125
4126
4128
4129
4130
4131
4133
4134
4135
4136
4137
4139
4140
4141
4142
4144
4145
4146
4147
4149
4150
4151
4152
4154
4155
4156
4157
4159
4160
4161
4162
4164
4165
4166
4167
4169
4170
4171
4172
4173
4175
4176
4177
4178
4180
4181
4182
4183
4185
4186
4187
4188
4190
4191
4192
4193
4195
4196
4197
4198
4200
4201
4202
4203
4205
4206
4207
4208
4209
4211
4212
4213
4214
4216
4217
4218
4219
4221
4222
4223
4224
4226
4227
4228
4229
4231
4232
4233
4234
4236
4237
4238
4239
4241
4242
4243
4244
4245
4247
4248
4249
4250
4252
4253
4254
4255
4257
4258
4259
4260
4262
4263
4264
4265
4267
4268
4269
4270
4272
4273
4274
4275
4277
4278
4279
4280
4281
4283
4284
4285
4286
4288
4289
4290
4291
4293
4294
4295
4296
4298
4299
4300
4301
4303
4304
4305
4306
4308
4309
4310
4311
4313
4314
4315
4316
4317
4319
4320
4321
4322
4324
4325
4326
4327
4329
4330
4331
4332
4334
4335
4336
4337
4339
4340
4341
4342
4344
4345
4346
4347
4349
4350
4351
4352
4353
4355
4356
4357
4358
4360
4361
4362
4363
4365
4366
4367
4368
4370
4371
4372
4373
4375
4376
4377
4378
4380
4381
4382
4383
4385
4386
4387
4388
4389
4391
4392
4393
4394
4396
4397
4398
4399
4401
4402
4403
4404
4406
4407
4408
4409
4411
4412
4413
4414
4416
4417
4418
4419
4421
4422
4423
4424
4426
4427
4428
4429
4430
4432
4433
4434
4435
4437
4438
4439
4440
4442
4443
4444
4445
4447
4448
4449
4450
4452
4453
4454
4455
4457
4458
4459
4460
4462
4463
4464
4465
4466
4468
4469
4470
4471
4473
4474
4475
4476
4478
4479
4480
4481
4483
4484
4485
4486
4488
4489
4490
4491
4493
4494
4495
4496
4498
4499
4500
4501
4502
4504
4505
4506
4507
4509
4510
4511
4512
4514
4515
4516
4517
4519
4520
4521
4522
4524
4525
4526
4527
4529
4530
4531
4532
4534
4535
4536
4537
4538
4540
4541
4542
4543
4545
4546
4547
4548
4550
4551
4552
4553
4555
4556
4557
4558
4560
4561
4562
4563
4565
4566
4567
4568
4570
4571
4572
4573
4574
4576
4577
4578
4579
4581
4582
4583
4584
4586
4587
4588
4589
4591
4592
4593
4594
4596
4597
4598
4599
4601
4602
4603
4604
4606
4607
4608
4609
4610
4612
4613
4614
4615
4617
4618
4619
4620
4622
4623
4624
4625
4627
4628
4629
4630
4632
4633
4634
4635
4637
4638
4639
4640
4642
4643
4644
4645
4646
4648
4649
4650
4651
4653
4654
4655
4656
4658
4659
4660
4661
4663
4664
4665
4666
4668
4669
4670
4671
4673
4674
4675
4676
4678
4679
4680
4681
4682
4684
4685
4686
4687
4689
4690
4691
4692
4694
4695
4696
4697
4699
4700
4701
4702
4704
4705
4706
4707
4709
4710
4711
4712
4714
4715
4716
4717
4718
4720
4721
4722
4723
4725
4726
4727
4728
4730
4731
4732
4733
4735
4736
4737
4738
4740
4741
4742
4743
4745
4746
4747
4748
4750
4751
4752
4753
4755
4756
4757
4758
4759
4761
4762
4763
4764
4766
4767
4768
4769
4771
4772
4773
4774
4776
4777
4778
4779
4781
4782
4783
4784
4786
4787
4788
4789
4791
4792
4793
4794
4795
4797
4798
4799
4800
4802
4803
4804
4805
4807
4808
4809
4810
4812
4813
4814
4815
4817
4818
4819
4820
4822
4823
4824
4825
4827
4828
4829
4830
4831
4833
4834
4835
4836
4838
4839
4840
4841
4843
4844
4845
4846
4848
4849
4850
4851
4853
4854
4855
4856
4858
4859
4860
4861
4863
4864
4865
4866
4867
4869
4870
4871
4872
4874
4875
4876
4877
4879
4880
4881
4882
4884
4885
4886
4887
4889
4890
4891
4892
4894
4895
4896
4897
4899
4900
4901
4902
4903
4905
4906
4907
4908
4910
4911
4912
4913
4915
4916
4917
4918
4920
4921
4922
4923
4925
4926
4927
4928
4930
4931
4932
4933
4935
4936
4937
4938
4939
4941
4942
4943
4944
4946
4947
4948
4949
4951
4952
4953
4954
4956
4957
4958
4959
4961
4962
4963
4964
4966
4967
4968
4969
4971
4972
4973
4974
4975
4977
4978
4979
4980
4982
4983
4984
4985
4987
4988
4989
4990
4992
4993
4994
4995
4997
4998
4999
5000
5002
5003
5004
5005
5007
5008
5009
5010
5011
5013
5014
5015
5016
5018
5019
5020
5021
5023
5024
5025
5026
5028
5029
5030
5031
5033
5034
5035
5036
5038
5039
5040
5041
5043
5044
5045
5046
5048
5049
5050
5051
5052
5054
5055
5056
5057
5059
5060
5061
5062
5064
5065
5066
5067
5069
5070
5071
5072
5074
5075
5076
5077
5079
5080
5081
5082
5084
5085
5086
5087
5088
5090
5091
5092
5093
5095
5096
5097
5098
5100
5101
5102
5103
5105
5106
5107
5108
5110
5111
5112
5113
5115
5116
5117
5118
5120
5121
5122
5123
5124
5126
5127
5128
5129
5131
5132
5133
5134
5136
5137
5138
5139
5141
5142
5143
5144
5146
5147
5148
5149
5151
5152
5153
5154
5156
5157
5158
5159
5160
5162
5163
5164
5165
5167
5168
5169
5170
5172
5173
5174
5175
5177
5178
5179
5180
5182
5183
5184
5185
5187
5188
5189
5190
5192
5193
5194
5195
5196
5198
5199
5200
5201
5203
5204
5205
5206
5208
5209
5210
5211
5213
5214
5215
5216
5218
5219
5220
5221
5223
5224
5225
5226
5228
5229
5230
5231
5232
5234
5235
5236
5237
5239
5240
5241
5242
5244
5245
5246
5247
5249
5250
5251
5252
5254
5255
5256
5257
5259
5260
5261
5262
5264
5265
5266
5267
5268
5270
5271
5272
5273
5275
5276
5277
5278
5280
5281
5282
5283
5285
5286
5287
5288
5290
5291
5292
5293
5295
5296
5297
5298
5300
5301
5302
5303
5304
5306
5307
5308
5309
5311
5312
5313
5314
5316
5317
5318
5319
5321
5322
5323
5324
5326
5327
5328
5329
5331
5332
5333
5334
5336
5337
5338
5339
5340
5342
5343
5344
5345
5347
5348
5349
5350
5352
5353
5354
5355
5357
5358
5359
5360
5362
5363
5364
5365
5367
5368
5369
5370
5372
5373
5374
5375
5377
5378
5379
5380
5381
5383
5384
5385
5386
5388
5389
5390
5391
5393
5394
5395
5396
5398
5399
5400
5401
5403
5404
5405
5406
5408
5409
5410
5411
5413
5414
5415
5416
5417
5419
5420
5421
5422
5424
5425
5426
5427
5429
5430
5431
5432
5434
5435
5436
5437
5439
5440
5441
5442
5444
5445
5446
5447
5449
5450
5451
5452
5453
5455
5456
5457
5458
5460
5461
5462
5463
5465
5466
5467
5468
5470
5471
5472
5473
5475
5476
5477
5478
5480
5481
5482
5483
5485
5486
5487
5488
5489
5491
5492
5493
5494
5496
5497
5498
5499
5501
5502
5503
5504
5506
5507
5508
5509
5511
5512
5513
5514
5516
5517
5518
5519
5521
5522
5523
5524
5525
5527
5528
5529
5530
5532
5533
5534
5535
5537
5538
5539
5540
5542
5543
5544
5545
5547
5548
5549
5550
5552
5553
5554
5555
5557
5558
5559
5560
5561
5563
5564
5565
5566
5568
5569
5570
5571
5573
5574
5575
5576
5578
5579
5580
5581
5583
5584
5585
5586
5588
5589
5590
5591
5593
5594
5595
5596
5597
5599
5600
5601
5602
5604
5605
5606
5607
5609
5610
5611
5612
5614
5615
5616
5617
5619
5620
5621
5622
5624
5625
5626
5627
5629
5630
5631
5632
5633
5635
5636
5637
5638
5640
5641
5642
5643
5645
5646
5647
5648
5650
5651
5652
5653
5655
5656
5657
5658
5660
5661
5662
5663
5665
5666
5667
5668
5670
5671
5672
5673
5674
5676
5677
5678
5679
5681
5682
5683
5684
5686
5687
5688
5689
5691
5692
5693
5694
5696
5697
5698
5699
5701
5702
5703
5704
5706
5707
5708
5709
5710
5712
5713
5714
5715
5717
5718
5719
5720
5722
5723
5724
5725
5727
5728
5729
5730
5732
5733
5734
5735
5737
5738
5739
5740
5742
5743
5744
5745
5746
5748
5749
5750
5751
5753
5754
5755
5756
5758
5759
5760
5761
5763
5764
5765
5766
5768
5769
5770
5771
5773
5774
5775
5776
5778
5779
5780
5781
5782
5784
5785
5786
5787
5789
5790
5791
5792
5794
5795
5796
5797
5799
5800
5801
5802
5804
5805
5806
5807
5809
5810
5811
5812
5814
5815
5816
5817
5818
5820
5821
5822
5823
5825
5826
5827
5828
5830
5831
5832
5833
5835
5836
5837
5838
5840
5841
5842
5843
5845
5846
5847
5848
5850
5851
5852
5853
5854
5856
5857
5858
5859
5861
5862
5863
5864
5866
5867
5868
5869
5871
5872
5873
5874
5876
5877
5878
5879
5881
5882
5883
5884
5886
5887
5888
5889
5890
5892
5893
5894
5895
5897
5898
5899
5900
5902
5903
5904
5905
5907
5908
5909
5910
5912
5913
5914
5915
5917
5918
5919
5920
5922
5923
5924
5925
5926
5928
5929
5930
5931
5933
5934
5935
5936
5938
5939
5940
5941
5943
5944
5945
5946
5948
5949
5950
5951
5953
5954
5955
5956
5958
5959
5960
5961
5962
5964
5965
5966
5967
5969
5970
5971
5972
5974
5975
5976
5977
5979
5980
5981
5982
5984
5985
5986
5987
5989
5990
5991
5992
5994
5995
5996
5997
5999
6000
6001
6002
6003
6005
6006
6007
6008
6010
6011
6012
6013
6015
6016
6017
6018
6020
6021
6022
6023
6025
6026
6027
6028
6030
6031
6032
6033
6035
6036
6037
6038
6039
6041
6042
6043
6044
6046
6047
6048
6049
6051
6052
6053
6054
6056
6057
6058
6059
6061
6062
6063
6064
6066
6067
6068
6069
6071
6072
6073
6074
6075
6077
6078
6079
6080
6082
6083
6084
6085
6087
6088
6089
6090
6092
6093
6094
6095
6097
6098
6099
6100
6102
6103
6104
6105
6107
6108
6109
6110
6111
6113
6114
6115
6116
6118
6119
6120
6121
6123
6124
6125
6126
6128
6129
6130
6131
6133
6134
6135
6136
6138
6139
6140
6141
6143
6144
6145
6146
6147
6149
6150
6151
6152
6154
6155
6156
6157
6159
6160
6161
6162
6164
6165
6166
6167
6169
6170
6171
6172
6174
6175
6176
6177
6179
6180
6181
6182
6183
6185
6186
6187
6188
6190
6191
6192
6193
6195
6196
6197
6198
6200
6201
6202
6203
6205
6206
6207
6206
6205
6203
6202
6201
6200
6198
6197
6196
6195
6193
6192
6191
6190
6188
6187
6186
6185
6183
6182
6181
6180
6179
6177
6176
6175
6174
6172
6171
6170
6169
6167
6166
6165
6164
6162
6161
6160
6159
6157
6156
6155
6154
6152
6151
6150
6149
6147
6146
6145
6144
6143
6141
6140
6139
6138
6136
6135
6134
6133
6131
6130
6129
6128
6126
6125
6124
6123
6121
6120
6119
6118
6116
6115
6114
6113
6111
6110
6109
6108
6107
6105
6104
6103
6102
6100
6099
6098
6097
6095
6094
6093
6092
6090
6089
6088
6087
6085
6084
6083
6082
6080
6079
6078
6077
6075
6074
6073
6072
6071
6069
6068
6067
6066
6064
6063
6062
6061
6059
6058
6057
6056
6054
6053
6052
6051
6049
6048
6047
6046
6044
6043
6042
6041
6039
6038
6037
6036
6035
6033
6032
6031
6030
6028
6027
6026
6025
6023
6022
6021
6020
6018
6017
6016
6015
6013
6012
6011
6010
6008
6007
6006
6005
6003
6002
6001
6000
5999
5997
5996
5995
5994
5992
5991
5990
5989
5987
5986
5985
5984
5982
5981
5980
5979
5977
5976
5975
5974
5972
5971
5970
5969
5967
5966
5965
5964
5962
5961
5960
5959
5958
5956
5955
5954
5953
5951
5950
5949
5948
5946
5945
5944
5943
5941
5940
5939
5938
5936
5935
5934
5933
5931
5930
5929
5928
5926
5925
5924
5923
5922
5920
5919
5918
5917
5915
5914
5913
5912
5910
5909
5908
5907
5905
5904
5903
5902
5900
5899
5898
5897
5895
5894
5893
5892
5890
5889
5888
5887
5886
5884
5883
5882
5881
5879
5878
5877
5876
5874
5873
5872
5871
5869
5868
5867
5866
5864
5863
5862
5861
5859
5858
5857
5856
5854
5853
5852
5851
5850
5848
5847
5846
5845
5843
5842
5841
5840
5838
5837
5836
5835
5833
5832
5831
5830
5828
5827
5826
5825
5823
5822
5821
5820
5818
5817
5816
5815
5814
5812
5811
5810
5809
5807
5806
5805
5804
5802
5801
5800
5799
5797
5796
5795
5794
5792
5791
5790
5789
5787
5786
5785
5784
5782
5781
5780
5779
5778
5776
5775
5774
5773
5771
5770
5769
5768
5766
5765
5764
5763
5761
5760
5759
5758
5756
5755
5754
5753
5751
5750
5749
5748
5746
5745
5744
5743
5742
5740
5739
5738
5737
5735
5734
5733
5732
5730
5729
5728
5727
5725
5724
5723
5722
5720
5719
5718
5717
5715
5714
5713
5712
5710
5709
5708
5707
5706
5704
5703
5702
5701
5699
5698
5697
5696
5694
5693
5692
5691
5689
5688
5687
5686
5684
5683
5682
5681
5679
5678
5677
5676
5674
5673
5672
5671
5669
5668
5667
5666
5665
5663
5662
5661
5660
5658
5657
5656
5655
5653
5652
5651
5650
5648
5647
5646
5645
5643
5642
5641
5640
5638
5637
5636
5635
5633
5632
5631
5630
5629
5627
5626
5625
5624
5622
5621
5620
5619
5617
5616
5615
5614
5612
5611
5610
5609
5607
5606
5605
5604
5602
5601
5600
5599
5597
5596
5595
5594
5593
5591
5590
5589
5588
5586
5585
5584
5583
5581
5580
5579
5578
5576
5575
5574
5573
5571
5570
5569
5568
5566
5565
5564
5563
5561
5560
5559
5558
5557
5555
5554
5553
5552
5550
5549
5548
5547
5545
5544
5543
5542
5540
5539
5538
5537
5535
5534
5533
5532
5530
5529
5528
5527
5525
5524
5523
5522
5521
5519
5518
5517
5516
5514
5513
5512
5511
5509
5508
5507
5506
5504
5503
5502
5501
5499
5498
5497
5496
5494
5493
5492
5491
5489
5488
5487
5486
5485
5483
5482
5481
5480
5478
5477
5476
5475
5473
5472
5471
5470
5468
5467
5466
5465
5463
5462
5461
5460
5458
5457
5456
5455
5453
5452
5451
5450
5449
5447
5446
5445
5444
5442
5441
5440
5439
5437
5436
5435
5434
5432
5431
5430
5429
5427
5426
5425
5424
5422
5421
5420
5419
5417
5416
5415
5414
5413
5411
5410
5409
5408
5406
5405
5404
5403
5401
5400
5399
5398
5396
5395
5394
5393
5391
5390
5389
5388
5386
5385
5384
5383
5381
5380
5379
5378
5377
5375
5374
5373
5372
5370
5369
5368
5367
5365
5364
5363
5362
5360
5359
5358
5357
5355
5354
5353
5352
5350
5349
5348
5347
5345
5344
5343
5342
5340
5339
5338
5337
5336
5334
5333
5332
5331
5329
5328
5327
5326
5324
5323
5322
5321
5319
5318
5317
5316
5314
5313
5312
5311
5309
5308
5307
5306
5304
5303
5302
5301
5300
5298
5297
5296
5295
5293
5292
5291
5290
5288
5287
5286
5285
5283
5282
5281
5280
5278
5277
5276
5275
5273
5272
5271
5270
5268
5267
5266
5265
5264
5262
5261
5260
5259
5257
5256
5255
5254
5252
5251
5250
5249
5247
5246
5245
5244
5242
5241
5240
5239
5237
5236
5235
5234
5232
5231
5230
5229
5228
5226
5225
5224
5223
5221
5220
5219
5218
5216
5215
5214
5213
5211
5210
5209
5208
5206
5205
5204
5203
5201
5200
5199
5198
5196
5195
5194
5193
5192
5190
5189
5188
5187
5185
5184
5183
5182
5180
5179
5178
5177
5175
5174
5173
5172
5170
5169
5168
5167
5165
5164
5163
5162
5160
5159
5158
5157
5156
5154
5153
5152
5151
5149
5148
5147
5146
5144
5143
5142
5141
5139
5138
5137
5136
5134
5133
5132
5131
5129
5128
5127
5126
5124
5123
5122
5121
5120
5118
5117
5116
5115
5113
5112
5111
5110
5108
5107
5106
5105
5103
5102
5101
5100
5098
5097
5096
5095
5093
5092
5091
5090
5088
5087
5086
5085
5084
5082
5081
5080
5079
5077
5076
5075
5074
5072
5071
5070
5069
5067
5066
5065
5064
5062
5061
5060
5059
5057
5056
5055
5054
5052
5051
5050
5049
5048
5046
5045
5044
5043
5041
5040
5039
5038
5036
5035
5034
5033
5031
5030
5029
5028
5026
5025
5024
5023
5021
5020
5019
5018
5016
5015
5014
5013
5011
5010
5009
5008
5007
5005
5004
5003
5002
5000
4999
4998
4997
4995
4994
4993
4992
4990
4989
4988
4987
4985
4984
4983
4982
4980
4979
4978
4977
4975
4974
4973
4972
4971
4969
4968
4967
4966
4964
4963
4962
4961
4959
4958
4957
4956
4954
4953
4952
4951
4949
4948
4947
4946
4944
4943
4942
4941
4939
4938
4937
4936
4935
4933
4932
4931
4930
4928
4927
4926
4925
4923
4922
4921
4920
4918
4917
4916
4915
4913
4912
4911
4910
4908
4907
4906
4905
4903
4902
4901
4900
4899
4897
4896
4895
4894
4892
4891
4890
4889
4887
4886
4885
4884
4882
4881
4880
4879
4877
4876
4875
4874
4872
4871
4870
4869
4867
4866
4865
4864
4863
4861
4860
4859
4858
4856
4855
4854
4853
4851
4850
4849
4848
4846
4845
4844
4843
4841
4840
4839
4838
4836
4835
4834
4833
4831
4830
4829
4828
4827
4825
4824
4823
4822
4820
4819
4818
4817
4815
4814
4813
4812
4810
4809
4808
4807
4805
4804
4803
4802
4800
4799
4798
4797
4795
4794
4793
4792
4791
4789
4788
4787
4786
4784
4783
4782
4781
4779
4778
4777
4776
4774
4773
4772
4771
4769
4768
4767
4766
4764
4763
4762
4761
4759
4758
4757
4756
4755
4753
4752
4751
4750
4748
4747
4746
4745
4743
4742
4741
4740
4738
4737
4736
4735
4733
4732
4731
4730
4728
4727
4726
4725
4723
4722
4721
4720
4718
4717
4716
4715
4714
4712
4711
4710
4709
4707
4706
4705
4704
4702
4701
4700
4699
4697
4696
4695
4694
4692
4691
4690
4689
4687
4686
4685
4684
4682
4681
4680
4679
4678
4676
4675
4674
4673
4671
4670
4669
4668
4666
4665
4664
4663
4661
4660
4659
4658
4656
4655
4654
4653
4651
4650
4649
4648
4646
4645
4644
4643
4642
4640
4639
4638
4637
4635
4634
4633
4632
4630
4629
4628
4627
4625
4624
4623
4622
4620
4619
4618
4617
4615
4614
4613
4612
4610
4609
4608
4607
4606
4604
4603
4602
4601
4599
4598
4597
4596
4594
4593
4592
4591
4589
4588
4587
4586
4584
4583
4582
4581
4579
4578
4577
4576
4574
4573
4572
4571
4570
4568
4567
4566
4565
4563
4562
4561
4560
4558
4557
4556
4555
4553
4552
4551
4550
4548
4547
4546
4545
4543
4542
4541
4540
4538
4537
4536
4535
4534
4532
4531
4530
4529
4527
4526
4525
4524
4522
4521
4520
4519
4517
4516
4515
4514
4512
4511
4510
4509
4507
4506
4505
4504
4502
4501
4500
4499
4498
4496
4495
4494
4493
4491
4490
4489
4488
4486
4485
4484
4483
4481
4480
4479
4478
4476
4475
4474
4473
4471
4470
4469
4468
4466
4465
4464
4463
4462
4460
4459
4458
4457
4455
4454
4453
4452
4450
4449
4448
4447
4445
4444
4443
4442
4440
4439
4438
4437
4435
4434
4433
4432
4430
4429
4428
4427
4426
4424
4423
4422
4421
4419
4418
4417
4416
4414
4413
4412
4411
4409
4408
4407
4406
4404
4403
4402
4401
4399
4398
4397
4396
4394
4393
4392
4391
4389
4388
4387
4386
4385
4383
4382
4381
4380
4378
4377
4376
4375
4373
4372
4371
4370
4368
4367
4366
4365
4363
4362
4361
4360
4358
4357
4356
4355
4353
4352
4351
4350
4349
4347
4346
4345
4344
4342
4341
4340
4339
4337
4336
4335
4334
4332
4331
4330
4329
4327
4326
4325
4324
4322
4321
4320
4319
4317
4316
4315
4314
4313
4311
4310
4309
4308
4306
4305
4304
4303
4301
4300
4299
4298
4296
4295
4294
4293
4291
4290
4289
4288
4286
4285
4284
4283
4281
4280
4279
4278
4277
4275
4274
4273
4272
4270
4269
4268
4267
4265
4264
4263
4262
4260
4259
4258
4257
4255
4254
4253
4252
4250
4249
4248
4247
4245
4244
4243
4242
4241
4239
4238
4237
4236
4234
4233
4232
4231
4229
4228
4227
4226
4224
4223
4222
4221
4219
4218
4217
4216
4214
4213
4212
4211
4209
4208
4207
4206
4205
4203
4202
4201
4200
4198
4197
4196
4195
4193
4192
4191
4190
4188
4187
4186
4185
4183
4182
4181
4180
4178
4177
4176
4175
4173
4172
4171
4170
4169
4167
4166
4165
4164
4162
4161
4160
4159
4157
4156
4155
4154
4152
4151
4150
4149
4147
4146
4145
4144
4142
4141
4140
4139
4137
4136
4135
4134
4133
4131
4130
4129
4128
4126
4125
4124
4123
4121
4120
4119
4118
4116
4115
4114
4113
4111
4110
4109
4108
4106
4105
4104
4103
4101
4100
4099
4098
4096
4095
4094
4093
4092
4090
4089
4088
4087
4085
4084
4083
4082
4080
4079
4078
4077
4075
4074
4073
4072
4070
4069
4068
4067
4065
4064
4063
4062
4060
4059
4058
4057
4056
4054
4053
4052
4051
4049
4048
4047
4046
4044
4043
4042
4041
4039
4038
4037
4036
4034
4033
4032
4031
4029
4028
4027
4026
4024
4023
4022
4021
4020
4018
4017
4016
4015
4013
4012
4011
4010
4008
4007
4006
4005
4003
4002
4001
4000
3998
3997
3996
3995
3993
3992
3991
3990
3988
3987
3986
3985
3984
3982
3981
3980
3979
3977
3976
3975
3974
3972
3971
3970
3969
3967
3966
3965
3964
3962
3961
3960
3959
3957
3956
3955
3954
3952
3951
3950
3949
3948
3946
3945
3944
3943
3941
3940
3939
3938
3936
3935
3934
3933
3931
3930
3929
3928
3926
3925
3924
3923
3921
3920
3919
3918
3916
3915
3914
3913
3912
3910
3909
3908
3907
3905
3904
3903
3902
3900
3899
3898
3897
3895
3894
3893
3892
3890
3889
3888
3887
3885
3884
3883
3882
3880
3879
3878
3877
3876
3874
3873
3872
3871
3869
3868
3867
3866
3864
3863
3862
3861
3859
3858
3857
3856
3854
3853
3852
3851
3849
3848
3847
3846
3844
3843
3842
3841
3840
3838
3837
3836
3835
3833
3832
3831
3830
3828
3827
3826
3825
3823
3822
3821
3820
3818
3817
3816
3815
3813
3812
3811
3810
3808
3807
3806
3805
3804
3802
3801
3800
3799
3797
3796
3795
3794
3792
3791
3790
3789
3787
3786
3785
3784
3782
3781
3780
3779
3777
3776
3775
3774
3772
3771
3770
3769
3767
3766
3765
3764
3763
3761
3760
3759
3758
3756
3755
3754
3753
3751
3750
3749
3748
3746
3745
3744
3743
3741
3740
3739
3738
3736
3735
3734
3733
3731
3730
3729
3728
3727
3725
3724
3725
3727
3728
3729
3730
3731
3733
3734
3735
3736
3738
3739
3740
3741
3743
3744
3745
3746
3748
3749
3750
3751
3753
3754
3755
3756
3758
3759
3760
3761
3763
3764
3765
3766
3767
3769
3770
3771
3772
3774
3775
3776
3777
3779
3780
3781
3782
3784
3785
3786
3787
3789
3790
3791
3792
3794
3795
3796
3797
3799
3800
3801
3802
3804
3805
3806
3807
3808
3810
3811
3812
3813
3815
3816
3817
3818
3820
3821
3822
3823
3825
3826
3827
3828
3830
3831
3832
3833
3835
3836
3837
3838
3840
3841
3842
3843
3844
3846
3847
3848
3849
3851
3852
3853
3854
3856
3857
3858
3859
3861
3862
3863
3864
3866
3867
3868
3869
3871
3872
3873
3874
3876
3877
3878
3879
3880
3882
3883
3884
3885
3887
3888
3889
3890
3892
3893
3894
3895
3897
3898
3899
3900
3902
3903
3904
3905
3907
3908
3909
3910
3912
3913
3914
3915
3916
3918
3919
3920
3921
3923
3924
3925
3926
3928
3929
3930
3931
3933
3934
3935
3936
3938
3939
3940
3941
3943
3944
3945
3946
3948
3949
3950
3951
3952
3954
3955
3956
3957
3959
3960
3961
3962
3964
3965
3966
3967
3969
3970
3971
3972
3974
3975
3976
3977
3979
3980
3981
3982
3984
3985
3986
3987
3988
3990
3991
3992
3993
3995
3996
3997
3998
4000
4001
4002
4003
4005
4006
4007
4008
4010
4011
4012
4013
4015
4016
4017
4018
4020
4021
4022
4023
4024
4026
4027
4028
4029
4031
4032
4033
4034
4036
4037
4038
4039
4041
4042
4043
4044
4046
4047
4048
4049
4051
4052
4053
4054
4056
4057
4058
4059
4060
4062
4063
4064
4065
4067
4068
4069
4070
4072
4073
4074
4075
4077
4078
4079
4080
4082
4083
4084
4085
4087
4088
4089
4090
4092
4093
4094
4095
4096
4098
4099
4100
4101
4103
4104
4105
4106
4108
4109
4110
4111
4113
4114
4115
4116
4118
4119
4120
4121
4123
4124
4125
4126
4128
4129
4130
4131
4133
4134
4135
4136
4137
4139
4140
4141
4142
4144
4145
4146
4147
4149
4150
4151
4152
4154
4155
4156
4157
4159
4160
4161
4162
4164
4165
4166
4167
4169
4170
4171
4172
4173
4175
4176
4177
4178
4180
4181
4182
4183
4185
4186
4187
4188
4190
4191
4192
4193
4195
4196
4197
4198
4200
4201
4202
4203
4205
4206
4207
4208
4209
4211
4212
4213
4214
4216
4217
4218
4219
4221
4222
4223
4224
4226
4227
4228
4229
4231
4232
4233
4234
4236
4237
4238
4239
4241
4242
4243
4244
4245
4247
4248
4249
4250
4252
4253
4254
4255
4257
4258
4259
4260
4262
4263
4264
4265
4267
4268
4269
4270
4272
4273
4274
4275
4277
4278
4279
4280
4281
4283
4284
4285
4286
4288
4289
4290
4291
4293
4294
4295
4296
4298
4299
4300
4301
4303
4304
4305
4306
4308
4309
4310
4311
4313
4314
4315
4316
4317
4319
4320
4321
4322
4324
4325
4326
4327
4329
4330
4331
4332
4334
4335
4336
4337
4339
4340
4341
4342
4344
4345
4346
4347
4349
4350
4351
4352
4353
4355
4356
4357
4358
4360
4361
4362
4363
4365
4366
4367
4368
4370
4371
4372
4373
4375
4376
4377
4378
4380
4381
4382
4383
4385
4386
4387
4388
4389
4391
4392
4393
4394
4396
4397
4398
4399
4401
4402
4403
4404
4406
4407
4408
4409
4411
4412
4413
4414
4416
4417
4418
4419
4421
4422
4423
4424
4426
4427
4428
4429
4430
4432
4433
4434
4435
4437
4438
4439
4440
4442
4443
4444
4445
4447
4448
4449
4450
4452
4453
4454
4455
4457
4458
4459
4460
4462
4463
4464
4465
4466
4468
4469
4470
4471
4473
4474
4475
4476
4478
4479
4480
4481
4483
4484
4485
4486
4488
4489
4490
4491
4493
4494
4495
4496
4498
4499
4500
4501
4502
4504
4505
4506
4507
4509
4510
4511
4512
4514
4515
4516
4517
4519
4520
4521
4522
4524
4525
4526
4527
4529
4530
4531
4532
4534
4535
4536
4537
4538
4540
4541
4542
4543
4545
4546
4547
4548
4550
4551
4552
4553
4555
4556
4557
4558
4560
4561
4562
4563
4565
4566
4567
4568
4570
4571
4572
4573
4574
4576
4577
4578
4579
4581
4582
4583
4584
4586
4587
4588
4589
4591
4592
4593
4594
4596
4597
4598
4599
4601
4602
4603
4604
4606
4607
4608
4609
4610
4612
4613
4614
4615
4617
4618
4619
4620
4622
4623
4624
4625
4627
4628
4629
4630
4632
4633
4634
4635
4637
4638
4639
4640
4642
4643
4644
4645
4646
4648
4649
4650
4651
4653
4654
4655
4656
4658
4659
4660
4661
4663
4664
4665
4666
4668
4669
4670
4671
4673
4674
4675
4676
4678
4679
4680
4681
4682
4684
4685
4686
4687
4689
4690
4691
4692
4694
4695
4696
4697
4699
4700
4701
4702
4704
4705
4706
4707
4709
4710
4711
4712
4714
4715
4716
4717
4718
4720
4721
4722
4723
4725
4726
4727
4728
4730
4731
4732
4733
4735
4736
4737
4738
4740
4741
4742
4743
4745
4746
4747
4748
4750
4751
4752
4753
4755
4756
4757
4758
4759
4761
4762
4763
4764
4766
4767
4768
4769
4771
4772
4773
4774
4776
4777
4778
4779
4781
4782
4783
4784
4786
4787
4788
4789
4791
4792
4793
4794
4795
4797
4798
4799
4800
4802
4803
4804
4805
4807
4808
4809
4810
4812
4813
4814
4815
4817
4818
4819
4820
4822
4823
4824
4825
4827
4828
4829
4830
4831
4833
4834
4835
4836
4838
4839
4840
4841
4843
4844
4845
4846
4848
4849
4850
4851
4853
4854
4855
4856
4858
4859
4860
4861
4863
4864
4865
4866
4867
4869
4870
4871
4872
4874
4875
4876
4877
4879
4880
4881
4882
4884
4885
4886
4887
4889
4890
4891
4892
4894
4895
4896
4897
4899
4900
4901
4902
4903
4905
4906
4907
4908
4910
4911
4912
4913
4915
4916
4917
4918
4920
4921
4922
4923
4925
4926
4927
4928
4930
4931
4932
4933
4935
4936
4937
4938
4939
4941
4942
4943
4944
4946
4947
4948
4949
4951
4952
4953
4954
4956
4957
4958
4959
4961
4962
4963
4964
4966
4967
4968
4969
4971
4972
4973
4974
4975
4977
4978
4979
4980
4982
4983
4984
4985
4987
4988
4989
4990
4992
4993
4994
4995
4997
4998
4999
5000
5002
5003
5004
5005
5007
5008
5009
5010
5011
5013
5014
5015
5016
5018
5019
5020
5021
5023
5024
5025
5026
5028
5029
5030
5031
5033
5034
5035
5036
5038
5039
5040
5041
5043
5044
5045
5046
5048
5049
5050
5051
5052
5054
5055
5056
5057
5059
5060
5061
5062
5064
5065
5066
5067
5069
5070
5071
5072
5074
5075
5076
5077
5079
5080
5081
5082
5084
5085
5086
5087
5088
5090
5091
5092
5093
5095
5096
5097
5098
5100
5101
5102
5103
5105
5106
5107
5108
5110
5111
5112
5113
5115
5116
5117
5118
5120
5121
5122
5123
5124
5126
5127
5128
5129
5131
5132
5133
5134
5136
5137
5138
5139
5141
5142
5143
5144
5146
5147
5148
5149
5151
5152
5153
5154
5156
5157
5158
5159
5160
5162
5163
5164
5165
5167
5168
5169
5170
5172
5173
5174
5175
5177
5178
5179
5180
5182
5183
5184
5185
5187
5188
5189
5190
5192
5193
5194
5195
5196
5198
5199
5200
5201
5203
5204
5205
5206
5208
5209
5210
5211
5213
5214
5215
5216
5218
5219
5220
5221
5223
5224
5225
5226
5228
5229
5230
5231
5232
5234
5235
5236
5237
5239
5240
5241
5242
5244
5245
5246
5247
5249
5250
5251
5252
5254
5255
5256
5257
5259
5260
5261
5262
5264
5265
5266
5267
5268
5270
5271
5272
5273
5275
5276
5277
5278
5280
5281
5282
5283
5285
5286
5287
5288
5290
5291
5292
5293
5295
5296
5297
5298
5300
5301
5302
5303
5304
5306
5307
5308
5309
5311
5312
5313
5314
5316
5317
5318
5319
5321
5322
5323
5324
5326
5327
5328
5329
5331
5332
5333
5334
5336
5337
5338
5339
5340
5342
5343
5344
5345
5347
5348
5349
5350
5352
5353
5354
5355
5357
5358
5359
5360
5362
5363
5364
5365
5367
5368
5369
5370
5372
5373
5374
5375
5377
5378
5379
5380
5381
5383
5384
5385
5386
5388
5389
5390
5391
5393
5394
5395
5396
5398
5399
5400
5401
5403
5404
5405
5406
5408
5409
5410
5411
5413
5414
5415
5416
5417
5419
5420
5421
5422
5424
5425
5426
5427
5429
5430
5431
5432
5434
5435
5436
5437
5439
5440
5441
5442
5444
5445
5446
5447
5449
5450
5451
5452
5453
5455
5456
5457
5458
5460
5461
5462
5463
5465
5466
5467
5468
5470
5471
5472
5473
5475
5476
5477
5478
5480
5481
5482
5483
5485
5486
5487
5488
5489
5491
5492
5493
5494
5496
5497
5498
5499
5501
5502
5503
5504
5506
5507
5508
5509
5511
5512
5513
5514
5516
5517
5518
5519
5521
5522
5523
5524
5525
5527
5528
5529
5530
5532
5533
5534
5535
5537
5538
5539
5540
5542
5543
5544
5545
5547
5548
5549
5550
5552
5553
5554
5555
5557
5558
5559
5560
5561
5563
5564
5565
5566
5568
5569
5570
5571
5573
5574
5575
5576
5578
5579
5580
5581
5583
5584
5585
5586
5588
5589
5590
5591
5593
5594
5595
5596
5597
5599
5600
5601
5602
5604
5605
5606
5607
5609
5610
5611
5612
5614
5615
5616
5617
5619
5620
5621
5622
5624
5625
5626
5627
5629
5630
5631
5632
5633
5635
5636
5637
5638
5640
5641
5642
5643
5645
5646
5647
5648
5650
5651
5652
5653
5655
5656
5657
5658
5660
5661
5662
5663
5665
5666
5667
5668
5669
5671
5672
5673
5674
5676
5677
5678
5679
5681
5682
5683
5684
5686
5687
5688
5689
5691
5692
5693
5694
5696
5697
5698
5699
5701
5702
5703
5704
5706
5707
5708
5709
5710
5712
5713
5714
5715
5717
5718
5719
5720
5722
5723
5724
5725
5727
5728
5729
5730
5732
5733
5734
5735
5737
5738
5739
5740
5742
5743
5744
5745
5746
5748
5749
5750
5751
5753
5754
5755
5756
5758
5759
5760
5761
5763
5764
5765
5766
5768
5769
5770
5771
5773
5774
5775
5776
5778
5779
5780
5781
5782
5784
5785
5786
5787
5789
5790
5791
5792
5794
5795
5796
5797
5799
5800
5801
5802
5804
5805
5806
5807
5809
5810
5811
5812
5814
5815
5816
5817
5818
5820
5821
5822
5823
5825
5826
5827
5828
5830
5831
5832
5833
5835
5836
5837
5838
5840
5841
5842
5843
5845
5846
5847
5848
5850
5851
5852
5853
5854
5856
5857
5858
5859
5861
5862
5863
5864
5866
5867
5868
5869
5871
5872
5873
5874
5876
5877
5878
5879
5881
5882
5883
5884
5886
5887
5888
5889
5890
5892
5893
5894
5895
5897
5898
5899
5900
5902
5903
5904
5905
5907
5908
5909
5910
5912
5913
5914
5915
5917
5918
5919
5920
5922
5923
5924
5925
5926
5928
5929
5930
5931
5933
5934
5935
5936
5938
5939
5940
5941
5943
5944
5945
5946
5948
5949
5950
5951
5953
5954
5955
5956
5958
5959
5960
5961
5962
5964
5965
5966
5967
5969
5970
5971
5972
5974
5975
5976
5977
5979
5980
5981
5982
5984
5985
5986
5987
5989
5990
5991
5992
5994
5995
5996
5997
5999
6000
6001
6002
6003
6005
6006
6007
6008
6010
6011
6012
6013
6015
6016
6017
6018
6020
6021
6022
6023
6025
6026
6027
6028
6030
6031
6032
6033
6035
6036
6037
6038
6039
6041
6042
6043
6044
6046
6047
6048
6049
6051
6052
6053
6054
6056
6057
6058
6059
6061
6062
6063
6064
6066
6067
6068
6069
6071
6072
6073
6074
6075
6077
6078
6079
6080
6082
6083
6084
6085
6087
6088
6089
6090
6092
6093
6094
6095
6097
6098
6099
6100
6102
6103
6104
6105
6107
6108
6109
6110
6111
6113
6114
6115
6116
6118
6119
6120
6121
6123
6124
6125
6126
6128
6129
6130
6131
6133
6134
6135
6136
6138
6139
6140
6141
6143
6144
6145
6146
6147
6149
6150
6151
6152
6154
6155
6156
6157
6159
6160
6161
6162
6164
6165
6166
6167
6169
6170
6171
6172
6174
6175
6176
6177
6179
6180
6181
6182
6183
6185
6186
6187
6188
6190
6191
6192
6193
6195
6196
6197
6198
6200
6201
6202
6203
6205
6206
6207
